1 3
2 1
3 11
4 2
5 3
6 1
7 6
8 2
9 2
10 3
11 6
12 11
13 3
14 11
15 6
16 4
17 2
18 4
19 6
20 5
21 2
22 3
23 6
24 4
25 3
26 5
27 7
28 2
29 6
30 9
31 7
32 4
33 5
34 6
35 8
36 10
37 2
38 9
39 6
40 8
41 3
42 1
43 5
44 10
45 7
46 10
47 7
48 9
49 3
50 7
51 1
52 2
53 7
54 7
55 9
56 8
57 3
58 10
59 11
60 5
61 7
62 9
63 4
64 7
65 10
66 9
67 4
68 7
69 1
70 9
71 10
72 8
73 3
74 5
75 7
76 5
77 4
78 9
79 8
80 9
81 9
82 6
83 4
84 8
85 5
86 2
87 8
88 9
89 7
90 5
91 6
92 4
93 8
94 10
95 7
96 6
97 10
98 8
99 9
100 5
